1.0170 1.3146 0.2059 0.8012 -0.3859 -0.5460 -0.7395
1.0157 1.3149 0.2032 0.8012 -0.3809 -0.5455 -0.7418
1.0144 1.3151 0.2005 0.8012 -0.3759 -0.5450 -0.7441
1.0131 1.3154 0.1978 0.8012 -0.3709 -0.5446 -0.7464
1.0118 1.3157 0.1951 0.8012 -0.3659 -0.5441 -0.7487
1.0105 1.3159 0.1924 0.8012 -0.3609 -0.5436 -0.7510
1.0092 1.3161 0.1897 0.8012 -0.3559 -0.5432 -0.7533
1.0079 1.3164 0.1870 0.8012 -0.3509 -0.5427 -0.7557
1.0066 1.3166 0.1843 0.8012 -0.3459 -0.5423 -0.7580
1.0053 1.3169 0.1817 0.8012 -0.3409 -0.5419 -0.7603
1.0040 1.3171 0.1790 0.8012 -0.3359 -0.5414 -0.7626
1.0027 1.3173 0.1763 0.8012 -0.3309 -0.5410 -0.7650
1.0014 1.3175 0.1736 0.8012 -0.3259 -0.5406 -0.7673
1.0001 1.3178 0.1709 0.8012 -0.3209 -0.5402 -0.7696
0.9988 1.3180 0.1683 0.8012 -0.3159 -0.5398 -0.7720
0.9975 1.3182 0.1656 0.8012 -0.3109 -0.5394 -0.7743
0.9963 1.3184 0.1629 0.8012 -0.3059 -0.5390 -0.7767
0.9950 1.3186 0.1603 0.8012 -0.3009 -0.5386 -0.7790
0.9937 1.3188 0.1576 0.8012 -0.2959 -0.5383 -0.7814
0.9924 1.3190 0.1550 0.8012 -0.2909 -0.5379 -0.7837
0.9911 1.3192 0.1523 0.8012 -0.2859 -0.5375 -0.7861
0.9898 1.3194 0.1497 0.8012 -0.2809 -0.5372 -0.7884
0.9885 1.3196 0.1470 0.8012 -0.2759 -0.5368 -0.7908
0.9873 1.3198 0.1444 0.8012 -0.2709 -0.5365 -0.7932
0.9860 1.3199 0.1417 0.8012 -0.2659 -0.5362 -0.7955
0.9847 1.3201 0.1391 0.8012 -0.2609 -0.5358 -0.7979
0.9834 1.3203 0.1364 0.8012 -0.2559 -0.5355 -0.8003
0.9821 1.3205 0.1338 0.8012 -0.2509 -0.5352 -0.8026
0.9808 1.3206 0.1311 0.8012 -0.2459 -0.5349 -0.8050
0.9796 1.3208 0.1285 0.8012 -0.2409 -0.5346 -0.8074
0.9783 1.3209 0.1259 0.8012 -0.2359 -0.5343 -0.8098
0.9770 1.3211 0.1232 0.8012 -0.2309 -0.5340 -0.8122
0.9757 1.3213 0.1206 0.8012 -0.2259 -0.5337 -0.8145
0.9745 1.3214 0.1180 0.8012 -0.2209 -0.5334 -0.8169
0.9732 1.3216 0.1154 0.8012 -0.2159 -0.5331 -0.8193
0.9719 1.3217 0.1127 0.8012 -0.2109 -0.5329 -0.8217
0.9706 1.3218 0.1101 0.8012 -0.2059 -0.5326 -0.8241
0.9694 1.3220 0.1075 0.8012 -0.2009 -0.5324 -0.8265
0.9681 1.3221 0.1049 0.8012 -0.1959 -0.5321 -0.8289
0.9668 1.3222 0.1022 0.8012 -0.1909 -0.5319 -0.8313
0.9655 1.3224 0.0996 0.8012 -0.1859 -0.5316 -0.8337
0.9643 1.3225 0.0970 0.8012 -0.1809 -0.5314 -0.8361
0.9630 1.3226 0.0944 0.8012 -0.1759 -0.5312 -0.8385
0.9617 1.3227 0.0918 0.8012 -0.1709 -0.5310 -0.8409
0.9604 1.3228 0.0892 0.8012 -0.1659 -0.5308 -0.8433
0.9592 1.3229 0.0866 0.8012 -0.1609 -0.5306 -0.8457
0.9579 1.3231 0.0840 0.8012 -0.1559 -0.5304 -0.8482
0.9566 1.3232 0.0814 0.8012 -0.1509 -0.5302 -0.8506
0.9554 1.3233 0.0788 0.8012 -0.1459 -0.5300 -0.8530
0.9541 1.3234 0.0761 0.8012 -0.1409 -0.5298 -0.8554
0.9528 1.3234 0.0735 0.8012 -0.1359 -0.5296 -0.8578
0.9516 1.3235 0.0709 0.8012 -0.1309 -0.5295 -0.8602
0.9503 1.3236 0.0683 0.8012 -0.1259 -0.5293 -0.8627
0.9490 1.3237 0.0657 0.8012 -0.1209 -0.5292 -0.8651
0.9478 1.3238 0.0631 0.8012 -0.1159 -0.5290 -0.8675
0.9465 1.3239 0.0605 0.8012 -0.1109 -0.5289 -0.8699
0.9452 1.3239 0.0579 0.8012 -0.1059 -0.5287 -0.8724
0.9440 1.3240 0.0554 0.8012 -0.1009 -0.5286 -0.8748
0.9427 1.3241 0.0528 0.8012 -0.0959 -0.5285 -0.8772
0.9414 1.3241 0.0502 0.8012 -0.0909 -0.5284 -0.8796
0.9402 1.3242 0.0476 0.8012 -0.0859 -0.5282 -0.8821
0.9389 1.3243 0.0450 0.8012 -0.0809 -0.5281 -0.8845
0.9376 1.3243 0.0424 0.8012 -0.0759 -0.5280 -0.8869
0.9364 1.3244 0.0398 0.8012 -0.0709 -0.5279 -0.8893
0.9351 1.3244 0.0372 0.8012 -0.0659 -0.5279 -0.8918
0.9338 1.3245 0.0346 0.8012 -0.0609 -0.5278 -0.8942
0.9326 1.3245 0.0320 0.8012 -0.0559 -0.5277 -0.8966
0.9313 1.3245 0.0294 0.8012 -0.0509 -0.5276 -0.8991
0.9300 1.3246 0.0268 0.8012 -0.0459 -0.5276 -0.9015
0.9288 1.3246 0.0243 0.8012 -0.0409 -0.5275 -0.9039
0.9275 1.3246 0.0217 0.8012 -0.0359 -0.5275 -0.9064
0.9262 1.3247 0.0191 0.8012 -0.0309 -0.5274 -0.9088
0.9250 1.3247 0.0165 0.8012 -0.0259 -0.5274 -0.9113
0.9237 1.3247 0.0139 0.8012 -0.0209 -0.5274 -0.9137
0.9224 1.3247 0.0113 0.8012 -0.0159 -0.5273 -0.9161
0.9212 1.3247 0.0087 0.8012 -0.0109 -0.5273 -0.9186
0.9199 1.3248 0.0061 0.8012 -0.0059 -0.5273 -0.9210
0.9187 1.3248 0.0036 0.8012 -0.0009 -0.5273 -0.9234
0.9174 1.3248 0.0010 0.8012 0.0041 -0.5273 -0.9259
0.9161 1.3248 -0.0016 0.8012 0.0091 -0.5273 -0.9283
0.9149 1.3248 -0.0042 0.8012 0.0141 -0.5273 -0.9307
0.9136 1.3248 -0.0068 0.8012 0.0191 -0.5273 -0.9332
0.9123 1.3248 -0.0094 0.8012 0.0241 -0.5273 -0.9356
0.9111 1.3247 -0.0120 0.8012 0.0291 -0.5274 -0.9380
0.9098 1.3247 -0.0146 0.8012 0.0341 -0.5274 -0.9405
0.9085 1.3247 -0.0171 0.8012 0.0391 -0.5275 -0.9429
0.9073 1.3247 -0.0197 0.8012 0.0441 -0.5275 -0.9454
0.9060 1.3247 -0.0223 0.8012 0.0491 -0.5276 -0.9478
0.9047 1.3246 -0.0249 0.8012 0.0541 -0.5276 -0.9502
0.9035 1.3246 -0.0275 0.8012 0.0591 -0.5277 -0.9527
0.9022 1.3246 -0.0301 0.8012 0.0641 -0.5278 -0.9551
0.9010 1.3245 -0.0327 0.8012 0.0691 -0.5278 -0.9575
0.8997 1.3245 -0.0353 0.8012 0.0741 -0.5279 -0.9600
0.8984 1.3245 -0.0379 0.8012 0.0791 -0.5280 -0.9624
0.8972 1.3244 -0.0405 0.8012 0.0841 -0.5281 -0.9648
0.8959 1.3244 -0.0430 0.8012 0.0891 -0.5282 -0.9672
0.8946 1.3243 -0.0456 0.8012 0.0941 -0.5283 -0.9697
0.8934 1.3242 -0.0482 0.8012 0.0991 -0.5284 -0.9721
0.8921 1.3242 -0.0508 0.8012 0.1041 -0.5286 -0.9745
0.8908 1.3241 -0.0534 0.8012 0.1091 -0.5287 -0.9770
0.8896 1.3241 -0.0560 0.8012 0.1141 -0.5288 -0.9794
0.8883 1.3240 -0.0586 0.8012 0.1191 -0.5290 -0.9818
0.8870 1.3239 -0.0612 0.8012 0.1241 -0.5291 -0.9842
0.8858 1.3238 -0.0638 0.8012 0.1291 -0.5293 -0.9866
0.8845 1.3238 -0.0664 0.8012 0.1341 -0.5294 -0.9891
0.8832 1.3237 -0.0690 0.8012 0.1391 -0.5296 -0.9915
0.8819 1.3236 -0.0716 0.8012 0.1441 -0.5298 -0.9939
0.8807 1.3235 -0.0742 0.8012 0.1491 -0.5299 -0.9963
0.8794 1.3234 -0.0768 0.8012 0.1541 -0.5301 -0.9987
0.8781 1.3233 -0.0794 0.8012 0.1591 -0.5303 -1.0012
0.8769 1.3232 -0.0820 0.8012 0.1641 -0.5305 -1.0036
0.8756 1.3231 -0.0846 0.8012 0.1691 -0.5307 -1.0060
0.8743 1.3230 -0.0873 0.8012 0.1741 -0.5309 -1.0084
0.8731 1.3229 -0.0899 0.8012 0.1791 -0.5311 -1.0108
0.8718 1.3228 -0.0925 0.8012 0.1841 -0.5314 -1.0132
0.8705 1.3227 -0.0951 0.8012 0.1891 -0.5316 -1.0156
0.8692 1.3226 -0.0977 0.8012 0.1941 -0.5318 -1.0180
0.8680 1.3224 -0.1003 0.8012 0.1991 -0.5321 -1.0204
0.8667 1.3223 -0.1029 0.8012 0.2041 -0.5323 -1.0228
0.8654 1.3222 -0.1056 0.8012 0.2091 -0.5326 -1.0252
0.8641 1.3221 -0.1082 0.8012 0.2141 -0.5328 -1.0276
0.8629 1.3219 -0.1108 0.8012 0.2191 -0.5331 -1.0300
0.8616 1.3218 -0.1134 0.8012 0.2241 -0.5334 -1.0324
0.8603 1.3216 -0.1161 0.8012 0.2291 -0.5336 -1.0348
0.8590 1.3215 -0.1187 0.8012 0.2341 -0.5339 -1.0372
0.8577 1.3213 -0.1213 0.8012 0.2391 -0.5342 -1.0396
0.8565 1.3212 -0.1240 0.8012 0.2441 -0.5345 -1.0419
0.8552 1.3210 -0.1266 0.8012 0.2491 -0.5348 -1.0443
0.8539 1.3209 -0.1292 0.8012 0.2541 -0.5351 -1.0467
0.8526 1.3207 -0.1319 0.8012 0.2591 -0.5354 -1.0491
0.8513 1.3206 -0.1345 0.8012 0.2641 -0.5357 -1.0514
0.8501 1.3204 -0.1372 0.8012 0.2691 -0.5361 -1.0538
0.8488 1.3202 -0.1398 0.8012 0.2741 -0.5364 -1.0562
0.8475 1.3200 -0.1425 0.8012 0.2791 -0.5368 -1.0586
0.8462 1.3199 -0.1451 0.8012 0.2841 -0.5371 -1.0609
0.8449 1.3197 -0.1478 0.8012 0.2891 -0.5375 -1.0633
0.8436 1.3195 -0.1504 0.8012 0.2941 -0.5378 -1.0656
0.8424 1.3193 -0.1531 0.8012 0.2991 -0.5382 -1.0680
0.8411 1.3191 -0.1557 0.8012 0.3041 -0.5386 -1.0703
0.8398 1.3189 -0.1584 0.8012 0.3091 -0.5389 -1.0727
0.8385 1.3187 -0.1611 0.8012 0.3141 -0.5393 -1.0750
0.8372 1.3185 -0.1637 0.8012 0.3191 -0.5397 -1.0774
0.8359 1.3183 -0.1664 0.8012 0.3241 -0.5401 -1.0797
0.8346 1.3181 -0.1691 0.8012 0.3291 -0.5405 -1.0821
0.8333 1.3179 -0.1717 0.8012 0.3341 -0.5409 -1.0844
0.8320 1.3177 -0.1744 0.8012 0.3391 -0.5413 -1.0867
0.8307 1.3174 -0.1771 0.8012 0.3441 -0.5418 -1.0891
0.8294 1.3172 -0.1798 0.8012 0.3491 -0.5422 -1.0914
0.8281 1.3170 -0.1825 0.8012 0.3541 -0.5426 -1.0937
0.8268 1.3168 -0.1852 0.8012 0.3591 -0.5431 -1.0960
0.8255 1.3165 -0.1878 0.8012 0.3641 -0.5435 -1.0983
0.8242 1.3163 -0.1905 0.8012 0.3691 -0.5440 -1.1006
0.8229 1.3160 -0.1932 0.8012 0.3741 -0.5444 -1.1030
0.8216 1.3158 -0.1959 0.8012 0.3791 -0.5449 -1.1053
0.8203 1.3155 -0.1986 0.8012 0.3841 -0.5454 -1.1076
0.8190 1.3153 -0.2013 0.8012 0.3891 -0.5459 -1.1099
0.8177 1.3150 -0.2041 0.8012 0.3941 -0.5464 -1.1122
0.8164 1.3148 -0.2068 0.8012 0.3991 -0.5469 -1.1144
0.8151 1.3145 -0.2095 0.8012 0.4041 -0.5474 -1.1167
0.8138 1.3142 -0.2122 0.8012 0.4091 -0.5479 -1.1190
0.8125 1.3140 -0.2149 0.8012 0.4141 -0.5484 -1.1213
0.8112 1.3137 -0.2177 0.8012 0.4191 -0.5489 -1.1236
0.8099 1.3134 -0.2204 0.8012 0.4241 -0.5494 -1.1258
0.8086 1.3131 -0.2231 0.8012 0.4291 -0.5500 -1.1281
0.8073 1.3128 -0.2259 0.8012 0.4341 -0.5505 -1.1304
0.8060 1.3125 -0.2286 0.8012 0.4391 -0.5511 -1.1326
0.8046 1.3122 -0.2313 0.8012 0.4441 -0.5516 -1.1349
0.8033 1.3119 -0.2341 0.8012 0.4491 -0.5522 -1.1371
0.8020 1.3116 -0.2368 0.8012 0.4541 -0.5527 -1.1394
0.8007 1.3113 -0.2396 0.8012 0.4591 -0.5533 -1.1416
0.7994 1.3110 -0.2424 0.8012 0.4641 -0.5539 -1.1439
0.7981 1.3107 -0.2451 0.8012 0.4691 -0.5545 -1.1461
0.7967 1.3104 -0.2479 0.8012 0.4741 -0.5551 -1.1483
0.7954 1.3101 -0.2507 0.8012 0.4791 -0.5557 -1.1505
0.7941 1.3097 -0.2534 0.8012 0.4841 -0.5563 -1.1528
0.7928 1.3094 -0.2562 0.8012 0.4891 -0.5569 -1.1550
0.7915 1.3091 -0.2590 0.8012 0.4941 -0.5575 -1.1572
0.7901 1.3087 -0.2618 0.8012 0.4991 -0.5582 -1.1594
0.7888 1.3084 -0.2646 0.8012 0.5041 -0.5588 -1.1616
0.7875 1.3080 -0.2674 0.8012 0.5091 -0.5594 -1.1638
0.7861 1.3077 -0.2702 0.8012 0.5141 -0.5601 -1.1660
0.7848 1.3073 -0.2730 0.8012 0.5191 -0.5607 -1.1682
0.7835 1.3070 -0.2758 0.8012 0.5241 -0.5614 -1.1703
0.7821 1.3066 -0.2786 0.8012 0.5291 -0.5621 -1.1725
0.7808 1.3062 -0.2814 0.8012 0.5341 -0.5628 -1.1747
0.7795 1.3059 -0.2842 0.8012 0.5391 -0.5634 -1.1768
0.7781 1.3055 -0.2870 0.8012 0.5441 -0.5641 -1.1790
0.7768 1.3051 -0.2899 0.8012 0.5491 -0.5648 -1.1812
0.7755 1.3047 -0.2927 0.8012 0.5541 -0.5655 -1.1833
0.7741 1.3043 -0.2955 0.8012 0.5591 -0.5662 -1.1854
0.7728 1.3039 -0.2984 0.8012 0.5641 -0.5670 -1.1876
0.7714 1.3035 -0.3012 0.8012 0.5691 -0.5677 -1.1897
0.7701 1.3031 -0.3041 0.8012 0.5741 -0.5684 -1.1918
0.7687 1.3027 -0.3069 0.8012 0.5791 -0.5692 -1.1940
0.7674 1.3023 -0.3098 0.8012 0.5841 -0.5699 -1.1961
0.7660 1.3019 -0.3127 0.8012 0.5891 -0.5707 -1.1982
0.7647 1.3015 -0.3155 0.8012 0.5941 -0.5714 -1.2003
0.7633 1.3011 -0.3184 0.8012 0.5991 -0.5722 -1.2024
0.7620 1.3006 -0.3213 0.8012 0.6041 -0.5730 -1.2045
0.7606 1.3002 -0.3242 0.8012 0.6091 -0.5737 -1.2066
0.7593 1.2997 -0.3271 0.8012 0.6141 -0.5745 -1.2087
0.7579 1.2993 -0.3300 0.8012 0.6191 -0.5753 -1.2107
0.7566 1.2989 -0.3329 0.8012 0.6241 -0.5761 -1.2128
0.7552 1.2984 -0.3358 0.8012 0.6291 -0.5769 -1.2149
0.7539 1.2979 -0.3387 0.8012 0.6341 -0.5778 -1.2169
0.7525 1.2975 -0.3416 0.8012 0.6391 -0.5786 -1.2190
0.7511 1.2970 -0.3445 0.8012 0.6441 -0.5794 -1.2210
0.7498 1.2965 -0.3474 0.8012 0.6491 -0.5802 -1.2231
0.7484 1.2961 -0.3504 0.8012 0.6541 -0.5811 -1.2251
0.7470 1.2956 -0.3533 0.8012 0.6591 -0.5819 -1.2271
0.7457 1.2951 -0.3562 0.8012 0.6641 -0.5828 -1.2291
0.7443 1.2946 -0.3592 0.8012 0.6691 -0.5837 -1.2311
0.7429 1.2941 -0.3622 0.8012 0.6741 -0.5845 -1.2331
0.7416 1.2936 -0.3651 0.8012 0.6791 -0.5854 -1.2351
0.7402 1.2931 -0.3681 0.8012 0.6841 -0.5863 -1.2371
0.7388 1.2926 -0.3710 0.8012 0.6891 -0.5872 -1.2391
0.7374 1.2921 -0.3740 0.8012 0.6941 -0.5881 -1.2411
0.7360 1.2916 -0.3770 0.8012 0.6991 -0.5890 -1.2431
0.7347 1.2910 -0.3800 0.8012 0.7041 -0.5899 -1.2450
0.7333 1.2905 -0.3830 0.8012 0.7091 -0.5909 -1.2470
0.7319 1.2900 -0.3860 0.8012 0.7141 -0.5918 -1.2489
0.7305 1.2894 -0.3890 0.8012 0.7191 -0.5927 -1.2509
0.7291 1.2889 -0.3920 0.8012 0.7241 -0.5937 -1.2528
0.7278 1.2883 -0.3950 0.8012 0.7291 -0.5947 -1.2547
0.7264 1.2878 -0.3980 0.8012 0.7341 -0.5956 -1.2567
0.7250 1.2872 -0.4011 0.8012 0.7391 -0.5966 -1.2586
0.7236 1.2867 -0.4041 0.8012 0.7441 -0.5976 -1.2605
0.7222 1.2861 -0.4071 0.8012 0.7491 -0.5985 -1.2624
0.7208 1.2855 -0.4102 0.8012 0.7541 -0.5995 -1.2643
0.7194 1.2849 -0.4132 0.8012 0.7591 -0.6005 -1.2662
0.7180 1.2843 -0.4163 0.8012 0.7641 -0.6015 -1.2680
0.7166 1.2837 -0.4194 0.8012 0.7691 -0.6026 -1.2699
0.7152 1.2831 -0.4224 0.8012 0.7741 -0.6036 -1.2718
0.7138 1.2825 -0.4255 0.8012 0.7791 -0.6046 -1.2736
0.7124 1.2819 -0.4286 0.8012 0.7841 -0.6056 -1.2755
0.7110 1.2813 -0.4317 0.8012 0.7891 -0.6067 -1.2773
0.7096 1.2807 -0.4348 0.8012 0.7941 -0.6077 -1.2791
0.7082 1.2801 -0.4379 0.8012 0.7991 -0.6088 -1.2809
0.7068 1.2794 -0.4410 0.8012 0.8041 -0.6099 -1.2828
0.7054 1.2788 -0.4441 0.8012 0.8091 -0.6109 -1.2846
0.7040 1.2782 -0.4472 0.8012 0.8141 -0.6120 -1.2864
0.7026 1.2775 -0.4504 0.8012 0.8191 -0.6131 -1.2882
0.7012 1.2769 -0.4535 0.8012 0.8241 -0.6142 -1.2899
0.6997 1.2762 -0.4566 0.8012 0.8291 -0.6153 -1.2917
0.6983 1.2755 -0.4598 0.8012 0.8341 -0.6164 -1.2935
0.6969 1.2749 -0.4629 0.8012 0.8391 -0.6175 -1.2952
0.6955 1.2742 -0.4661 0.8012 0.8441 -0.6187 -1.2970
0.6941 1.2735 -0.4693 0.8012 0.8491 -0.6198 -1.2987
0.6927 1.2728 -0.4724 0.8012 0.8541 -0.6210 -1.3004
0.6912 1.2721 -0.4756 0.8012 0.8591 -0.6221 -1.3022
0.6898 1.2714 -0.4788 0.8012 0.8641 -0.6233 -1.3039
0.6884 1.2707 -0.4820 0.8012 0.8691 -0.6244 -1.3056
0.6870 1.2700 -0.4852 0.8012 0.8741 -0.6256 -1.3073
0.6856 1.2693 -0.4884 0.8012 0.8791 -0.6268 -1.3090
0.6841 1.2686 -0.4917 0.8012 0.8841 -0.6280 -1.3106
0.6827 1.2678 -0.4949 0.8012 0.8891 -0.6292 -1.3123
0.6813 1.2671 -0.4981 0.8012 0.8941 -0.6304 -1.3140
0.6798 1.2664 -0.5014 0.8012 0.8991 -0.6316 -1.3156
0.6784 1.2656 -0.5046 0.8012 0.9041 -0.6328 -1.3172
0.6770 1.2648 -0.5079 0.8012 0.9091 -0.6340 -1.3189
0.6755 1.2641 -0.5111 0.8012 0.9141 -0.6353 -1.3205
0.6741 1.2633 -0.5144 0.8012 0.9191 -0.6365 -1.3221
0.6727 1.2625 -0.5177 0.8012 0.9241 -0.6378 -1.3237
0.6712 1.2618 -0.5209 0.8012 0.9291 -0.6390 -1.3253
0.6698 1.2610 -0.5242 0.8012 0.9341 -0.6403 -1.3269
0.6684 1.2602 -0.5275 0.8012 0.9391 -0.6416 -1.3285
0.6669 1.2594 -0.5308 0.8012 0.9441 -0.6428 -1.3300
0.6655 1.2586 -0.5342 0.8012 0.9491 -0.6441 -1.3316
0.6640 1.2578 -0.5375 0.8012 0.9541 -0.6454 -1.3331
0.6626 1.2570 -0.5408 0.8012 0.9591 -0.6467 -1.3347
0.6612 1.2561 -0.5441 0.8012 0.9641 -0.6480 -1.3362
0.6597 1.2553 -0.5475 0.8012 0.9691 -0.6494 -1.3377
0.6583 1.2545 -0.5508 0.8012 0.9741 -0.6507 -1.3392
0.6568 1.2536 -0.5542 0.8012 0.9791 -0.6520 -1.3407
0.6554 1.2528 -0.5576 0.8012 0.9841 -0.6534 -1.3422
0.6539 1.2519 -0.5609 0.8012 0.9891 -0.6547 -1.3437
0.6525 1.2510 -0.5643 0.8012 0.9941 -0.6561 -1.3451
0.6510 1.2502 -0.5677 0.8012 0.9991 -0.6574 -1.3466
0.6496 1.2493 -0.5711 0.8012 1.0041 -0.6588 -1.3480
0.6481 1.2484 -0.5745 0.8012 1.0091 -0.6602 -1.3495
0.6467 1.2475 -0.5779 0.8012 1.0141 -0.6616 -1.3509
0.6452 1.2466 -0.5814 0.8012 1.0191 -0.6630 -1.3523
0.6438 1.2457 -0.5848 0.8012 1.0241 -0.6644 -1.3537
0.6423 1.2448 -0.5882 0.8012 1.0291 -0.6658 -1.3551
0.6409 1.2439 -0.5917 0.8012 1.0341 -0.6672 -1.3565
0.6394 1.2429 -0.5951 0.8012 1.0391 -0.6686 -1.3579
0.6379 1.2420 -0.5986 0.8012 1.0441 -0.6701 -1.3592
0.6365 1.2411 -0.6021 0.8012 1.0491 -0.6715 -1.3606
0.6350 1.2401 -0.6056 0.8012 1.0541 -0.6730 -1.3619
0.6336 1.2392 -0.6090 0.8012 1.0591 -0.6744 -1.3632
0.6321 1.2382 -0.6125 0.8012 1.0641 -0.6759 -1.3646
0.6306 1.2372 -0.6160 0.8012 1.0691 -0.6774 -1.3659
0.6292 1.2363 -0.6196 0.8012 1.0741 -0.6789 -1.3672
0.6277 1.2353 -0.6231 0.8012 1.0791 -0.6804 -1.3684
0.6263 1.2343 -0.6266 0.8012 1.0841 -0.6818 -1.3697
0.6248 1.2333 -0.6301 0.8012 1.0891 -0.6834 -1.3710
0.6233 1.2323 -0.6337 0.8012 1.0941 -0.6849 -1.3722
0.6219 1.2313 -0.6372 0.8012 1.0991 -0.6864 -1.3735
0.6204 1.2302 -0.6408 0.8012 1.1041 -0.6879 -1.3747
0.6190 1.2292 -0.6444 0.8012 1.1091 -0.6895 -1.3759
0.6175 1.2282 -0.6480 0.8012 1.1141 -0.6910 -1.3771
0.6160 1.2271 -0.6515 0.8012 1.1191 -0.6925 -1.3783
0.6146 1.2261 -0.6551 0.8012 1.1241 -0.6941 -1.3795
0.6131 1.2250 -0.6587 0.8012 1.1291 -0.6957 -1.3807
0.6116 1.2240 -0.6624 0.8012 1.1341 -0.6972 -1.3818
0.6102 1.2229 -0.6660 0.8012 1.1391 -0.6988 -1.3830
0.6087 1.2218 -0.6696 0.8012 1.1441 -0.7004 -1.3841
0.6073 1.2207 -0.6733 0.8012 1.1491 -0.7020 -1.3852
0.6058 1.2196 -0.6769 0.8012 1.1541 -0.7036 -1.3864
0.6043 1.2185 -0.6806 0.8012 1.1591 -0.7052 -1.3875
0.6029 1.2174 -0.6842 0.8012 1.1641 -0.7068 -1.3885
0.6014 1.2163 -0.6879 0.8012 1.1691 -0.7085 -1.3896
0.5999 1.2152 -0.6916 0.8012 1.1741 -0.7101 -1.3907
0.5985 1.2140 -0.6953 0.8012 1.1791 -0.7118 -1.3917
0.5970 1.2129 -0.6990 0.8012 1.1841 -0.7134 -1.3928
0.5956 1.2117 -0.7027 0.8012 1.1891 -0.7151 -1.3938
0.5941 1.2106 -0.7064 0.8012 1.1941 -0.7167 -1.3948
0.5926 1.2094 -0.7101 0.8012 1.1991 -0.7184 -1.3958
0.5912 1.2082 -0.7139 0.8012 1.2041 -0.7201 -1.3968
0.5897 1.2070 -0.7176 0.8012 1.2091 -0.7218 -1.3978
0.5883 1.2059 -0.7214 0.8012 1.2141 -0.7235 -1.3988
0.5868 1.2047 -0.7251 0.8012 1.2191 -0.7252 -1.3997
0.5853 1.2034 -0.7289 0.8012 1.2241 -0.7269 -1.4007
0.5839 1.2022 -0.7327 0.8012 1.2291 -0.7286 -1.4016
0.5824 1.2010 -0.7365 0.8012 1.2341 -0.7303 -1.4025
0.5810 1.1998 -0.7403 0.8012 1.2391 -0.7320 -1.4034
0.5795 1.1985 -0.7441 0.8012 1.2441 -0.7338 -1.4043
0.5781 1.1973 -0.7479 0.8012 1.2491 -0.7355 -1.4052
0.5766 1.1960 -0.7517 0.8012 1.2541 -0.7373 -1.4061
0.5752 1.1948 -0.7556 0.8012 1.2591 -0.7390 -1.4069
0.5737 1.1935 -0.7594 0.8012 1.2641 -0.7408 -1.4078
0.5723 1.1922 -0.7633 0.8012 1.2691 -0.7426 -1.4086
0.5708 1.1909 -0.7671 0.8012 1.2741 -0.7443 -1.4094
0.5694 1.1896 -0.7710 0.8012 1.2791 -0.7461 -1.4102
0.5679 1.1883 -0.7749 0.8012 1.2841 -0.7479 -1.4110
0.5665 1.1870 -0.7788 0.8012 1.2891 -0.7497 -1.4118
0.5650 1.1857 -0.7827 0.8012 1.2941 -0.7515 -1.4126
0.5636 1.1844 -0.7866 0.8012 1.2991 -0.7533 -1.4133
0.5622 1.1830 -0.7905 0.8012 1.3041 -0.7552 -1.4141
0.5607 1.1817 -0.7944 0.8012 1.3091 -0.7570 -1.4148
0.5593 1.1803 -0.7984 0.8012 1.3141 -0.7588 -1.4155
0.5578 1.1790 -0.8023 0.8012 1.3191 -0.7607 -1.4162
0.5564 1.1776 -0.8063 0.8012 1.3241 -0.7625 -1.4169
0.5550 1.1762 -0.8102 0.8012 1.3291 -0.7644 -1.4176
0.5536 1.1748 -0.8142 0.8012 1.3341 -0.7662 -1.4182
0.5521 1.1734 -0.8182 0.8012 1.3391 -0.7681 -1.4189
0.5507 1.1720 -0.8222 0.8012 1.3441 -0.7700 -1.4195
0.5493 1.1706 -0.8262 0.8012 1.3491 -0.7718 -1.4201
0.5479 1.1692 -0.8302 0.8012 1.3541 -0.7737 -1.4207
0.5464 1.1678 -0.8342 0.8012 1.3591 -0.7756 -1.4213
0.5450 1.1663 -0.8382 0.8012 1.3641 -0.7775 -1.4219
0.5436 1.1649 -0.8423 0.8012 1.3691 -0.7794 -1.4225
0.5422 1.1634 -0.8463 0.8012 1.3741 -0.7813 -1.4230
0.5408 1.1620 -0.8504 0.8012 1.3791 -0.7832 -1.4236
0.5394 1.1605 -0.8544 0.8012 1.3841 -0.7852 -1.4241
0.5380 1.1590 -0.8585 0.8012 1.3891 -0.7871 -1.4246
0.5366 1.1575 -0.8626 0.8012 1.3941 -0.7890 -1.4251
0.5352 1.1560 -0.8667 0.8012 1.3991 -0.7910 -1.4256
0.5338 1.1545 -0.8708 0.8012 1.4041 -0.7929 -1.4261
0.5324 1.1530 -0.8749 0.8012 1.4091 -0.7949 -1.4265
0.5310 1.1515 -0.8790 0.8012 1.4141 -0.7968 -1.4270
0.5296 1.1499 -0.8832 0.8012 1.4191 -0.7988 -1.4274
0.5282 1.1484 -0.8873 0.8012 1.4241 -0.8008 -1.4278
0.5268 1.1468 -0.8915 0.8012 1.4291 -0.8028 -1.4282
0.5254 1.1453 -0.8956 0.8012 1.4341 -0.8047 -1.4286
0.5241 1.1437 -0.8998 0.8012 1.4391 -0.8067 -1.4290
0.5227 1.1421 -0.9040 0.8012 1.4441 -0.8087 -1.4294
0.5213 1.1406 -0.9081 0.8012 1.4491 -0.8107 -1.4297
0.5199 1.1390 -0.9123 0.8012 1.4541 -0.8127 -1.4301
0.5186 1.1374 -0.9166 0.8012 1.4591 -0.8147 -1.4304
0.5172 1.1358 -0.9208 0.8012 1.4641 -0.8168 -1.4307
0.5159 1.1341 -0.9250 0.8012 1.4691 -0.8188 -1.4310
0.5145 1.1325 -0.9292 0.8012 1.4741 -0.8208 -1.4313
0.5132 1.1309 -0.9335 0.8012 1.4791 -0.8228 -1.4315
0.5118 1.1292 -0.9377 0.8012 1.4841 -0.8249 -1.4318
0.5105 1.1276 -0.9420 0.8012 1.4891 -0.8269 -1.4320
0.5091 1.1259 -0.9463 0.8012 1.4941 -0.8290 -1.4323
0.5078 1.1243 -0.9506 0.8012 1.4991 -0.8310 -1.4325
0.5065 1.1226 -0.9548 0.8012 1.5041 -0.8331 -1.4327
0.5052 1.1209 -0.9591 0.8012 1.5091 -0.8351 -1.4329
0.5038 1.1192 -0.9635 0.8012 1.5141 -0.8372 -1.4330
0.5025 1.1175 -0.9678 0.8012 1.5191 -0.8393 -1.4332
0.5012 1.1158 -0.9721 0.8012 1.5241 -0.8413 -1.4333
0.4999 1.1141 -0.9765 0.8012 1.5291 -0.8434 -1.4335
0.4986 1.1123 -0.9808 0.8012 1.5341 -0.8455 -1.4336
0.4973 1.1106 -0.9852 0.8012 1.5391 -0.8476 -1.4337
0.4960 1.1088 -0.9895 0.8012 1.5441 -0.8497 -1.4338
0.4947 1.1071 -0.9939 0.8012 1.5491 -0.8518 -1.4338
0.4935 1.1053 -0.9983 0.8012 1.5541 -0.8539 -1.4339
0.4922 1.1036 -1.0027 0.8012 1.5591 -0.8560 -1.4339
0.4909 1.1018 -1.0071 0.8012 1.5641 -0.8581 -1.4340
0.4896 1.1000 -1.0115 0.8012 1.5691 -0.8602 -1.4340
0.4884 1.0982 -1.0159 0.8012 1.5741 -0.8623 -1.4340
0.4871 1.0964 -1.0204 0.8012 1.5791 -0.8644 -1.4340
0.4859 1.0946 -1.0248 0.8012 1.5841 -0.8666 -1.4339
0.4846 1.0928 -1.0293 0.8012 1.5891 -0.8687 -1.4339
0.4834 1.0909 -1.0338 0.8012 1.5941 -0.8708 -1.4339
0.4822 1.0891 -1.0382 0.8012 1.5991 -0.8730 -1.4338
0.4809 1.0873 -1.0427 0.8012 1.6041 -0.8751 -1.4337
0.4797 1.0854 -1.0472 0.8012 1.6091 -0.8772 -1.4336
0.4785 1.0836 -1.0517 0.8012 1.6141 -0.8794 -1.4335
0.4773 1.0817 -1.0562 0.8012 1.6191 -0.8815 -1.4334
0.4761 1.0798 -1.0607 0.8012 1.6241 -0.8837 -1.4332
0.4749 1.0779 -1.0653 0.8012 1.6291 -0.8859 -1.4331
0.4737 1.0760 -1.0698 0.8012 1.6341 -0.8880 -1.4329
0.4725 1.0741 -1.0744 0.8012 1.6391 -0.8902 -1.4328
0.4714 1.0722 -1.0789 0.8012 1.6441 -0.8923 -1.4326
0.4702 1.0703 -1.0835 0.8012 1.6491 -0.8945 -1.4324
0.4690 1.0684 -1.0881 0.8012 1.6541 -0.8967 -1.4321
0.4679 1.0665 -1.0927 0.8012 1.6591 -0.8988 -1.4319
0.4667 1.0645 -1.0973 0.8012 1.6641 -0.9010 -1.4317
0.4656 1.0626 -1.1019 0.8012 1.6691 -0.9032 -1.4314
0.4645 1.0606 -1.1065 0.8012 1.6741 -0.9054 -1.4311
0.4633 1.0587 -1.1111 0.8012 1.6791 -0.9076 -1.4308
0.4622 1.0567 -1.1158 0.8012 1.6841 -0.9097 -1.4305
0.4611 1.0547 -1.1204 0.8012 1.6891 -0.9119 -1.4302
0.4600 1.0527 -1.1251 0.8012 1.6941 -0.9141 -1.4299
0.4589 1.0507 -1.1297 0.8012 1.6991 -0.9163 -1.4295
0.4578 1.0487 -1.1344 0.8012 1.7041 -0.9185 -1.4292
0.4568 1.0467 -1.1391 0.8012 1.7091 -0.9207 -1.4288
0.4557 1.0447 -1.1438 0.8012 1.7141 -0.9229 -1.4284
0.4546 1.0427 -1.1485 0.8012 1.7191 -0.9251 -1.4280
0.4536 1.0407 -1.1532 0.8012 1.7241 -0.9273 -1.4276
0.4525 1.0386 -1.1580 0.8012 1.7291 -0.9295 -1.4272
0.4515 1.0366 -1.1627 0.8012 1.7341 -0.9317 -1.4267
0.4505 1.0345 -1.1674 0.8012 1.7391 -0.9339 -1.4263
0.4494 1.0325 -1.1722 0.8012 1.7441 -0.9361 -1.4258
0.4484 1.0304 -1.1770 0.8012 1.7491 -0.9383 -1.4253
0.4474 1.0283 -1.1817 0.8012 1.7541 -0.9405 -1.4248
0.4464 1.0263 -1.1865 0.8012 1.7591 -0.9427 -1.4243
0.4454 1.0242 -1.1913 0.8012 1.7641 -0.9449 -1.4238
0.4445 1.0221 -1.1961 0.8012 1.7691 -0.9471 -1.4233
0.4435 1.0200 -1.2010 0.8012 1.7741 -0.9493 -1.4227
0.4425 1.0179 -1.2058 0.8012 1.7791 -0.9516 -1.4222
0.4416 1.0158 -1.2106 0.8012 1.7841 -0.9538 -1.4216
0.4407 1.0137 -1.2155 0.8012 1.7891 -0.9560 -1.4210
0.4397 1.0115 -1.2203 0.8012 1.7941 -0.9582 -1.4204
0.4388 1.0094 -1.2252 0.8012 1.7991 -0.9604 -1.4198
0.4379 1.0073 -1.2301 0.8012 1.8041 -0.9626 -1.4192
0.4370 1.0051 -1.2350 0.8012 1.8091 -0.9648 -1.4185
0.4361 1.0030 -1.2398 0.8012 1.8141 -0.9670 -1.4179
0.4352 1.0008 -1.2448 0.8012 1.8191 -0.9693 -1.4172
0.4344 0.9987 -1.2497 0.8012 1.8241 -0.9715 -1.4165
0.4335 0.9965 -1.2546 0.8012 1.8291 -0.9737 -1.4158
0.4327 0.9943 -1.2595 0.8012 1.8341 -0.9759 -1.4151
0.4318 0.9921 -1.2645 0.8012 1.8391 -0.9781 -1.4144
0.4310 0.9899 -1.2695 0.8012 1.8441 -0.9803 -1.4136
0.4302 0.9878 -1.2744 0.8012 1.8491 -0.9825 -1.4129
0.4294 0.9856 -1.2794 0.8012 1.8541 -0.9847 -1.4121
0.4286 0.9834 -1.2844 0.8012 1.8591 -0.9869 -1.4114
0.4278 0.9811 -1.2894 0.8012 1.8641 -0.9891 -1.4106
0.4271 0.9789 -1.2944 0.8012 1.8691 -0.9913 -1.4098
0.4263 0.9767 -1.2994 0.8012 1.8741 -0.9935 -1.4090
0.4256 0.9745 -1.3044 0.8012 1.8791 -0.9957 -1.4082
0.4248 0.9723 -1.3094 0.8012 1.8840 -0.9979 -1.4073
0.4241 0.9701 -1.3144 0.8012 1.8890 -1.0001 -1.4065
0.4234 0.9679 -1.3194 0.8012 1.8939 -1.0023 -1.4056
0.4227 0.9657 -1.3244 0.8012 1.8988 -1.0044 -1.4048
0.4221 0.9635 -1.3294 0.8012 1.9038 -1.0066 -1.4039
0.4214 0.9612 -1.3344 0.8012 1.9087 -1.0087 -1.4030
0.4207 0.9590 -1.3394 0.8012 1.9136 -1.0109 -1.4021
0.4201 0.9568 -1.3444 0.8012 1.9184 -1.0130 -1.4012
0.4195 0.9546 -1.3494 0.8012 1.9233 -1.0152 -1.4003
0.4189 0.9524 -1.3544 0.8012 1.9282 -1.0173 -1.3994
0.4183 0.9502 -1.3594 0.8012 1.9330 -1.0194 -1.3984
0.4177 0.9480 -1.3644 0.8012 1.9379 -1.0215 -1.3975
0.4171 0.9458 -1.3694 0.8012 1.9427 -1.0236 -1.3966
0.4166 0.9435 -1.3744 0.8012 1.9475 -1.0257 -1.3956
0.4160 0.9413 -1.3794 0.8012 1.9524 -1.0278 -1.3946
0.4155 0.9391 -1.3844 0.8012 1.9572 -1.0299 -1.3936
0.4150 0.9369 -1.3894 0.8012 1.9620 -1.0320 -1.3926
0.4145 0.9347 -1.3944 0.8012 1.9667 -1.0341 -1.3916
0.4140 0.9325 -1.3994 0.8012 1.9715 -1.0361 -1.3906
0.4135 0.9303 -1.4044 0.8012 1.9763 -1.0382 -1.3896
0.4131 0.9281 -1.4094 0.8012 1.9810 -1.0403 -1.3886
0.4126 0.9259 -1.4144 0.8012 1.9858 -1.0423 -1.3876
0.4122 0.9237 -1.4194 0.8012 1.9905 -1.0443 -1.3865
0.4118 0.9215 -1.4244 0.8012 1.9952 -1.0464 -1.3855
0.4114 0.9193 -1.4294 0.8012 1.9999 -1.0484 -1.3844
0.4110 0.9171 -1.4344 0.8012 2.0047 -1.0504 -1.3833
0.4106 0.9149 -1.4394 0.8012 2.0093 -1.0524 -1.3823
0.4102 0.9127 -1.4444 0.8012 2.0140 -1.0544 -1.3812
0.4099 0.9105 -1.4494 0.8012 2.0187 -1.0564 -1.3801
0.4095 0.9083 -1.4544 0.8012 2.0234 -1.0584 -1.3790
0.4092 0.9061 -1.4594 0.8012 2.0280 -1.0604 -1.3779
0.4089 0.9039 -1.4644 0.8012 2.0327 -1.0624 -1.3768
0.4086 0.9018 -1.4694 0.8012 2.0373 -1.0643 -1.3756
0.4083 0.8996 -1.4744 0.8012 2.0419 -1.0663 -1.3745
0.4081 0.8974 -1.4794 0.8012 2.0466 -1.0683 -1.3734
0.4078 0.8952 -1.4844 0.8012 2.0512 -1.0702 -1.3722
0.4076 0.8930 -1.4894 0.8012 2.0558 -1.0721 -1.3711
0.4073 0.8909 -1.4944 0.8012 2.0603 -1.0741 -1.3699
0.4071 0.8887 -1.4994 0.8012 2.0649 -1.0760 -1.3688
0.4069 0.8865 -1.5044 0.8012 2.0695 -1.0779 -1.3676
0.4067 0.8844 -1.5094 0.8012 2.0741 -1.0798 -1.3664
0.4066 0.8822 -1.5144 0.8012 2.0786 -1.0817 -1.3652
0.4064 0.8801 -1.5194 0.8012 2.0831 -1.0836 -1.3640
0.4063 0.8779 -1.5244 0.8012 2.0877 -1.0855 -1.3628
0.4061 0.8757 -1.5294 0.8012 2.0922 -1.0873 -1.3616
0.4060 0.8736 -1.5344 0.8012 2.0967 -1.0892 -1.3604
0.4059 0.8715 -1.5394 0.8012 2.1012 -1.0911 -1.3592
0.4058 0.8693 -1.5444 0.8012 2.1057 -1.0929 -1.3580
0.4058 0.8672 -1.5494 0.8012 2.1102 -1.0947 -1.3567
0.4057 0.8650 -1.5544 0.8012 2.1146 -1.0966 -1.3555
0.4057 0.8629 -1.5594 0.8012 2.1191 -1.0984 -1.3543
0.4056 0.8608 -1.5644 0.8012 2.1236 -1.1002 -1.3530
0.4056 0.8587 -1.5694 0.8012 2.1280 -1.1020 -1.3518
0.4056 0.8565 -1.5744 0.8012 2.1324 -1.1038 -1.3505
0.4056 0.8544 -1.5794 0.8012 2.1368 -1.1056 -1.3492
0.4057 0.8523 -1.5844 0.8012 2.1413 -1.1074 -1.3480
0.4057 0.8502 -1.5894 0.8012 2.1457 -1.1092 -1.3467
0.4058 0.8481 -1.5944 0.8012 2.1501 -1.1109 -1.3454
0.4058 0.8460 -1.5994 0.8012 2.1544 -1.1127 -1.3441
0.4059 0.8439 -1.6044 0.8012 2.1588 -1.1144 -1.3428
0.4060 0.8418 -1.6094 0.8012 2.1632 -1.1162 -1.3415
0.4061 0.8397 -1.6144 0.8012 2.1675 -1.1179 -1.3402
0.4062 0.8376 -1.6194 0.8012 2.1719 -1.1196 -1.3389
0.4064 0.8356 -1.6244 0.8012 2.1762 -1.1214 -1.3376
0.4065 0.8335 -1.6294 0.8012 2.1805 -1.1231 -1.3363
0.4067 0.8314 -1.6344 0.8012 2.1849 -1.1248 -1.3350
0.4069 0.8294 -1.6394 0.8012 2.1892 -1.1265 -1.3337
0.4071 0.8273 -1.6444 0.8012 2.1935 -1.1281 -1.3323
0.4073 0.8252 -1.6494 0.8012 2.1978 -1.1298 -1.3310
0.4075 0.8232 -1.6544 0.8012 2.2020 -1.1315 -1.3297
0.4077 0.8211 -1.6594 0.8012 2.2063 -1.1331 -1.3283
0.4080 0.8191 -1.6644 0.8012 2.2106 -1.1348 -1.3270
0.4083 0.8171 -1.6694 0.8012 2.2148 -1.1364 -1.3256
0.4085 0.8150 -1.6744 0.8012 2.2190 -1.1380 -1.3243
0.4088 0.8130 -1.6794 0.8012 2.2233 -1.1397 -1.3229
0.4091 0.8110 -1.6844 0.8012 2.2275 -1.1413 -1.3216
0.4095 0.8090 -1.6894 0.8012 2.2317 -1.1429 -1.3202
0.4098 0.8070 -1.6944 0.8012 2.2359 -1.1445 -1.3188
0.4101 0.8050 -1.6994 0.8012 2.2401 -1.1461 -1.3175
0.4105 0.8030 -1.7044 0.8012 2.2443 -1.1477 -1.3161
0.4109 0.8010 -1.7094 0.8012 2.2485 -1.1492 -1.3147
0.4113 0.7990 -1.7144 0.8012 2.2526 -1.1508 -1.3133
0.4117 0.7970 -1.7194 0.8012 2.2568 -1.1523 -1.3119
0.4121 0.7950 -1.7244 0.8012 2.2609 -1.1539 -1.3105
0.4125 0.7931 -1.7294 0.8012 2.2650 -1.1554 -1.3091
0.4130 0.7911 -1.7344 0.8012 2.2692 -1.1570 -1.3077
0.4134 0.7891 -1.7394 0.8012 2.2733 -1.1585 -1.3063
0.4139 0.7872 -1.7444 0.8012 2.2774 -1.1600 -1.3049
0.4144 0.7852 -1.7494 0.8012 2.2815 -1.1615 -1.3035
0.4149 0.7833 -1.7544 0.8012 2.2856 -1.1630 -1.3021
0.4154 0.7814 -1.7594 0.8012 2.2896 -1.1645 -1.3007
0.4159 0.7794 -1.7644 0.8012 2.2937 -1.1659 -1.2993
0.4165 0.7775 -1.7694 0.8012 2.2978 -1.1674 -1.2979
0.4170 0.7756 -1.7744 0.8012 2.3018 -1.1689 -1.2965
0.4176 0.7737 -1.7794 0.8012 2.3058 -1.1703 -1.2950
0.4182 0.7718 -1.7844 0.8012 2.3099 -1.1718 -1.2936
0.4188 0.7699 -1.7894 0.8012 2.3139 -1.1732 -1.2922
0.4194 0.7680 -1.7944 0.8012 2.3179 -1.1746 -1.2908
0.4200 0.7661 -1.7994 0.8012 2.3219 -1.1761 -1.2893
0.4207 0.7642 -1.8044 0.8012 2.3259 -1.1775 -1.2879
0.4213 0.7623 -1.8094 0.8012 2.3298 -1.1789 -1.2864
0.4220 0.7605 -1.8144 0.8012 2.3338 -1.1803 -1.2850
0.4227 0.7586 -1.8194 0.8012 2.3378 -1.1816 -1.2836
0.4234 0.7567 -1.8244 0.8012 2.3417 -1.1830 -1.2821
0.4241 0.7549 -1.8294 0.8012 2.3456 -1.1844 -1.2806
0.4249 0.7530 -1.8344 0.8012 2.3495 -1.1858 -1.2792
0.4256 0.7512 -1.8394 0.8012 2.3534 -1.1871 -1.2777
0.4264 0.7493 -1.8444 0.8012 2.3573 -1.1885 -1.2762
0.4267 0.7487 -1.8460 0.8012 2.3584 -1.1889 -1.2757
0.4269 0.7486 -1.8464 0.8012 2.3587 -1.1890 -1.2755
0.4269 0.7485 -1.8466 0.8012 2.3588 -1.1891 -1.2754
0.4254 0.7465 -1.8450 0.8062 2.3610 -1.1905 -1.2791
0.4239 0.7445 -1.8435 0.8112 2.3633 -1.1920 -1.2828
0.4224 0.7425 -1.8420 0.8162 2.3656 -1.1935 -1.2865
0.4209 0.7405 -1.8406 0.8212 2.3680 -1.1950 -1.2902
0.4195 0.7384 -1.8392 0.8262 2.3704 -1.1965 -1.2940
0.4181 0.7363 -1.8378 0.8312 2.3728 -1.1980 -1.2977
0.4166 0.7342 -1.8365 0.8362 2.3753 -1.1996 -1.3014
0.4153 0.7320 -1.8352 0.8412 2.3778 -1.2011 -1.3052
0.4139 0.7299 -1.8339 0.8462 2.3804 -1.2027 -1.3089
0.4126 0.7276 -1.8327 0.8512 2.3830 -1.2043 -1.3127
0.4112 0.7254 -1.8315 0.8562 2.3857 -1.2059 -1.3164
0.4099 0.7231 -1.8303 0.8612 2.3884 -1.2075 -1.3202
0.4087 0.7208 -1.8292 0.8662 2.3911 -1.2091 -1.3239
0.4074 0.7185 -1.8281 0.8712 2.3939 -1.2108 -1.3277
0.4062 0.7161 -1.8270 0.8762 2.3967 -1.2125 -1.3314
0.4050 0.7138 -1.8260 0.8812 2.3996 -1.2142 -1.3352
0.4038 0.7113 -1.8250 0.8862 2.4025 -1.2159 -1.3390
0.4027 0.7089 -1.8240 0.8912 2.4055 -1.2176 -1.3427
0.4016 0.7064 -1.8231 0.8962 2.4085 -1.2193 -1.3465
0.4005 0.7038 -1.8222 0.9012 2.4115 -1.2211 -1.3503
0.3994 0.7013 -1.8214 0.9062 2.4146 -1.2228 -1.3541
0.3984 0.6987 -1.8205 0.9112 2.4177 -1.2246 -1.3579
0.3974 0.6961 -1.8197 0.9162 2.4209 -1.2264 -1.3617
0.3964 0.6934 -1.8190 0.9212 2.4241 -1.2283 -1.3655
0.3954 0.6907 -1.8183 0.9262 2.4273 -1.2301 -1.3693
0.3945 0.6879 -1.8176 0.9312 2.4306 -1.2320 -1.3731
0.3936 0.6852 -1.8169 0.9362 2.4339 -1.2339 -1.3769
0.3928 0.6823 -1.8163 0.9412 2.4373 -1.2358 -1.3807
0.3919 0.6795 -1.8157 0.9462 2.4407 -1.2377 -1.3845
0.3911 0.6766 -1.8151 0.9512 2.4442 -1.2396 -1.3884
0.3904 0.6737 -1.8146 0.9562 2.4477 -1.2416 -1.3922
0.3897 0.6707 -1.8141 0.9612 2.4513 -1.2435 -1.3961
0.3890 0.6677 -1.8136 0.9662 2.4549 -1.2455 -1.3999
0.3883 0.6646 -1.8132 0.9712 2.4585 -1.2475 -1.4038
0.3877 0.6615 -1.8128 0.9762 2.4622 -1.2495 -1.4077
0.3871 0.6584 -1.8124 0.9812 2.4659 -1.2516 -1.4116
0.3866 0.6553 -1.8120 0.9862 2.4696 -1.2536 -1.4155
0.3861 0.6521 -1.8116 0.9912 2.4733 -1.2557 -1.4195
0.3856 0.6489 -1.8112 0.9962 2.4771 -1.2577 -1.4234
0.3852 0.6456 -1.8108 1.0012 2.4809 -1.2598 -1.4274
0.3848 0.6423 -1.8105 1.0062 2.4848 -1.2619 -1.4314
0.3844 0.6390 -1.8101 1.0112 2.4886 -1.2640 -1.4354
0.3841 0.6356 -1.8098 1.0162 2.4925 -1.2661 -1.4395
0.3839 0.6322 -1.8094 1.0212 2.4965 -1.2682 -1.4436
0.3836 0.6288 -1.8091 1.0262 2.5004 -1.2703 -1.4477
0.3835 0.6253 -1.8087 1.0312 2.5044 -1.2725 -1.4518
0.3833 0.6218 -1.8084 1.0362 2.5084 -1.2746 -1.4560
0.3833 0.6183 -1.8081 1.0412 2.5125 -1.2768 -1.4602
0.3832 0.6147 -1.8077 1.0462 2.5165 -1.2789 -1.4645
0.3832 0.6111 -1.8074 1.0512 2.5206 -1.2811 -1.4688
0.3833 0.6075 -1.8071 1.0562 2.5247 -1.2833 -1.4731
0.3835 0.6038 -1.8067 1.0612 2.5289 -1.2855 -1.4774
0.3836 0.6001 -1.8064 1.0662 2.5330 -1.2877 -1.4819
0.3839 0.5964 -1.8061 1.0712 2.5372 -1.2899 -1.4863
0.3842 0.5926 -1.8057 1.0762 2.5414 -1.2921 -1.4908
0.3846 0.5888 -1.8053 1.0812 2.5457 -1.2943 -1.4954
0.3850 0.5849 -1.8050 1.0862 2.5499 -1.2966 -1.5000
0.3855 0.5811 -1.8046 1.0912 2.5542 -1.2988 -1.5047
0.3861 0.5771 -1.8042 1.0962 2.5586 -1.3010 -1.5095
0.3868 0.5732 -1.8037 1.1012 2.5629 -1.3033 -1.5143
0.3875 0.5692 -1.8033 1.1062 2.5672 -1.3055 -1.5192
0.3883 0.5652 -1.8029 1.1112 2.5716 -1.3078 -1.5242
0.3892 0.5612 -1.8024 1.1161 2.5760 -1.3100 -1.5292
0.3902 0.5572 -1.8019 1.1209 2.5803 -1.3122 -1.5342
0.3912 0.5533 -1.8014 1.1257 2.5845 -1.3144 -1.5392
0.3923 0.5494 -1.8009 1.1304 2.5887 -1.3165 -1.5442
0.3935 0.5456 -1.8004 1.1350 2.5928 -1.3185 -1.5492
0.3948 0.5418 -1.7999 1.1395 2.5969 -1.3206 -1.5542
0.3961 0.5380 -1.7993 1.1439 2.6008 -1.3226 -1.5592
0.3975 0.5343 -1.7988 1.1482 2.6048 -1.3245 -1.5642
0.3989 0.5307 -1.7982 1.1524 2.6086 -1.3265 -1.5692
0.4005 0.5271 -1.7976 1.1566 2.6124 -1.3283 -1.5742
0.4021 0.5235 -1.7970 1.1606 2.6162 -1.3302 -1.5792
0.4037 0.5200 -1.7964 1.1646 2.6198 -1.3320 -1.5842
0.4054 0.5166 -1.7958 1.1685 2.6234 -1.3337 -1.5892
0.4072 0.5132 -1.7952 1.1723 2.6270 -1.3355 -1.5942
0.4091 0.5099 -1.7945 1.1760 2.6304 -1.3371 -1.5992
0.4110 0.5066 -1.7939 1.1796 2.6338 -1.3388 -1.6042
0.4130 0.5034 -1.7933 1.1831 2.6371 -1.3404 -1.6092
0.4151 0.5003 -1.7926 1.1866 2.6404 -1.3419 -1.6142
0.4172 0.4972 -1.7919 1.1899 2.6436 -1.3435 -1.6192
0.4194 0.4941 -1.7913 1.1932 2.6467 -1.3450 -1.6242
0.4216 0.4912 -1.7906 1.1964 2.6498 -1.3464 -1.6292
0.4239 0.4883 -1.7899 1.1995 2.6527 -1.3478 -1.6342
0.4263 0.4854 -1.7893 1.2025 2.6556 -1.3492 -1.6392
0.4287 0.4827 -1.7886 1.2055 2.6585 -1.3505 -1.6442
0.4312 0.4799 -1.7879 1.2084 2.6613 -1.3518 -1.6492
0.4338 0.4773 -1.7872 1.2112 2.6640 -1.3531 -1.6542
0.4364 0.4747 -1.7866 1.2139 2.6666 -1.3543 -1.6592
0.4390 0.4721 -1.7859 1.2165 2.6692 -1.3555 -1.6642
0.4418 0.4697 -1.7852 1.2191 2.6717 -1.3566 -1.6692
0.4445 0.4672 -1.7846 1.2216 2.6742 -1.3577 -1.6742
0.4474 0.4649 -1.7839 1.2240 2.6765 -1.3588 -1.6792
0.4503 0.4626 -1.7833 1.2264 2.6789 -1.3599 -1.6842
0.4532 0.4603 -1.7826 1.2286 2.6811 -1.3609 -1.6892
0.4563 0.4581 -1.7820 1.2308 2.6833 -1.3619 -1.6942
0.4593 0.4560 -1.7814 1.2330 2.6855 -1.3628 -1.6992
0.4625 0.4540 -1.7808 1.2351 2.6875 -1.3638 -1.7042
0.4656 0.4519 -1.7802 1.2371 2.6895 -1.3647 -1.7092
0.4689 0.4500 -1.7796 1.2390 2.6915 -1.3655 -1.7142
0.4722 0.4481 -1.7790 1.2409 2.6934 -1.3664 -1.7192
0.4755 0.4463 -1.7784 1.2427 2.6952 -1.3672 -1.7242
0.4789 0.4445 -1.7779 1.2444 2.6970 -1.3680 -1.7292
0.4824 0.4427 -1.7773 1.2461 2.6987 -1.3687 -1.7342
0.4859 0.4411 -1.7768 1.2478 2.7004 -1.3695 -1.7392
0.4894 0.4395 -1.7763 1.2493 2.7020 -1.3702 -1.7442
0.4931 0.4379 -1.7758 1.2509 2.7036 -1.3708 -1.7492
0.4967 0.4364 -1.7754 1.2523 2.7051 -1.3715 -1.7542
0.5004 0.4349 -1.7749 1.2537 2.7065 -1.3721 -1.7592
0.5042 0.4335 -1.7745 1.2550 2.7079 -1.3727 -1.7642
0.5080 0.4321 -1.7740 1.2563 2.7093 -1.3733 -1.7692
0.5119 0.4308 -1.7736 1.2576 2.7106 -1.3739 -1.7742
0.5158 0.4296 -1.7732 1.2587 2.7118 -1.3744 -1.7792
0.5198 0.4283 -1.7729 1.2599 2.7130 -1.3749 -1.7842
0.5238 0.4272 -1.7725 1.2610 2.7142 -1.3754 -1.7892
0.5279 0.4261 -1.7722 1.2620 2.7153 -1.3759 -1.7942
0.5320 0.4250 -1.7719 1.2630 2.7163 -1.3763 -1.7992
0.5362 0.4240 -1.7716 1.2639 2.7173 -1.3767 -1.8042
0.5404 0.4230 -1.7714 1.2648 2.7183 -1.3771 -1.8092
0.5447 0.4221 -1.7711 1.2656 2.7192 -1.3775 -1.8142
0.5490 0.4212 -1.7709 1.2664 2.7201 -1.3779 -1.8192
0.5534 0.4204 -1.7707 1.2671 2.7209 -1.3782 -1.8242
0.5578 0.4196 -1.7705 1.2678 2.7217 -1.3785 -1.8292
0.5622 0.4188 -1.7703 1.2685 2.7224 -1.3788 -1.8342
0.5667 0.4181 -1.7702 1.2691 2.7231 -1.3791 -1.8392
0.5713 0.4175 -1.7701 1.2696 2.7237 -1.3794 -1.8442
0.5759 0.4169 -1.7700 1.2701 2.7244 -1.3796 -1.8492
0.5805 0.4163 -1.7699 1.2706 2.7249 -1.3799 -1.8542
0.5852 0.4157 -1.7699 1.2710 2.7254 -1.3801 -1.8592
0.5899 0.4152 -1.7698 1.2714 2.7259 -1.3803 -1.8642
0.5947 0.4148 -1.7698 1.2718 2.7264 -1.3805 -1.8692
0.5995 0.4144 -1.7698 1.2721 2.7268 -1.3806 -1.8742
0.6044 0.4140 -1.7699 1.2723 2.7271 -1.3808 -1.8792
0.6093 0.4137 -1.7699 1.2726 2.7274 -1.3809 -1.8842
0.6143 0.4134 -1.7700 1.2728 2.7277 -1.3810 -1.8892
0.6192 0.4131 -1.7701 1.2729 2.7280 -1.3811 -1.8942
0.6242 0.4129 -1.7702 1.2730 2.7282 -1.3812 -1.8992
0.6292 0.4127 -1.7704 1.2731 2.7284 -1.3812 -1.9041
0.6342 0.4126 -1.7705 1.2731 2.7285 -1.3813 -1.9090
0.6392 0.4125 -1.7707 1.2731 2.7286 -1.3813 -1.9138
0.6442 0.4124 -1.7709 1.2731 2.7286 -1.3813 -1.9186
0.6492 0.4124 -1.7711 1.2730 2.7287 -1.3814 -1.9234
0.6542 0.4124 -1.7714 1.2729 2.7287 -1.3813 -1.9282
0.6592 0.4124 -1.7716 1.2728 2.7286 -1.3813 -1.9329
0.6642 0.4125 -1.7719 1.2726 2.7286 -1.3813 -1.9375
0.6692 0.4126 -1.7722 1.2724 2.7285 -1.3812 -1.9422
0.6742 0.4127 -1.7725 1.2722 2.7284 -1.3812 -1.9468
0.6792 0.4128 -1.7728 1.2719 2.7282 -1.3811 -1.9513
0.6842 0.4130 -1.7731 1.2717 2.7281 -1.3810 -1.9559
0.6892 0.4132 -1.7735 1.2714 2.7279 -1.3810 -1.9604
0.6942 0.4134 -1.7738 1.2710 2.7276 -1.3809 -1.9649
0.6992 0.4137 -1.7742 1.2707 2.7274 -1.3807 -1.9694
0.7042 0.4139 -1.7746 1.2703 2.7271 -1.3806 -1.9738
0.7092 0.4142 -1.7750 1.2699 2.7268 -1.3805 -1.9782
0.7142 0.4146 -1.7754 1.2694 2.7265 -1.3803 -1.9826
0.7192 0.4149 -1.7759 1.2690 2.7262 -1.3802 -1.9870
0.7242 0.4153 -1.7763 1.2685 2.7258 -1.3800 -1.9913
0.7292 0.4157 -1.7768 1.2680 2.7254 -1.3799 -1.9956
0.7342 0.4161 -1.7772 1.2675 2.7250 -1.3797 -1.9999
0.7392 0.4165 -1.7777 1.2669 2.7246 -1.3795 -2.0041
0.7442 0.4170 -1.7782 1.2664 2.7241 -1.3793 -2.0084
0.7492 0.4174 -1.7787 1.2658 2.7237 -1.3791 -2.0126
0.7542 0.4179 -1.7792 1.2652 2.7232 -1.3789 -2.0168
0.7592 0.4184 -1.7797 1.2646 2.7227 -1.3787 -2.0210
0.7642 0.4190 -1.7802 1.2639 2.7222 -1.3784 -2.0251
0.7692 0.4195 -1.7808 1.2633 2.7217 -1.3782 -2.0293
0.7742 0.4201 -1.7813 1.2626 2.7211 -1.3780 -2.0334
0.7792 0.4206 -1.7819 1.2619 2.7205 -1.3777 -2.0375
0.7842 0.4212 -1.7825 1.2611 2.7200 -1.3775 -2.0415
0.7892 0.4219 -1.7830 1.2604 2.7194 -1.3772 -2.0456
0.7942 0.4225 -1.7836 1.2596 2.7187 -1.3769 -2.0496
0.7992 0.4231 -1.7842 1.2589 2.7181 -1.3766 -2.0536
0.8042 0.4238 -1.7848 1.2581 2.7175 -1.3763 -2.0576
0.8092 0.4245 -1.7854 1.2573 2.7168 -1.3761 -2.0616
0.8142 0.4252 -1.7860 1.2564 2.7161 -1.3758 -2.0656
0.8192 0.4259 -1.7867 1.2556 2.7154 -1.3754 -2.0695
0.8242 0.4266 -1.7873 1.2547 2.7147 -1.3751 -2.0735
0.8292 0.4273 -1.7880 1.2538 2.7140 -1.3748 -2.0774
0.8342 0.4281 -1.7886 1.2529 2.7133 -1.3745 -2.0813
0.8392 0.4288 -1.7893 1.2520 2.7125 -1.3741 -2.0851
0.8442 0.4296 -1.7899 1.2511 2.7118 -1.3738 -2.0890
0.8492 0.4304 -1.7906 1.2501 2.7110 -1.3735 -2.0929
0.8542 0.4312 -1.7913 1.2492 2.7102 -1.3731 -2.0967
0.8592 0.4320 -1.7920 1.2482 2.7094 -1.3727 -2.1005
0.8642 0.4329 -1.7926 1.2472 2.7086 -1.3724 -2.1043
0.8692 0.4337 -1.7933 1.2462 2.7078 -1.3720 -2.1081
0.8742 0.4346 -1.7940 1.2452 2.7070 -1.3716 -2.1119
0.8792 0.4354 -1.7948 1.2441 2.7061 -1.3712 -2.1156
0.8842 0.4363 -1.7955 1.2430 2.7053 -1.3709 -2.1193
0.8892 0.4372 -1.7962 1.2420 2.7044 -1.3705 -2.1231
0.8942 0.4381 -1.7969 1.2409 2.7035 -1.3701 -2.1268
0.8992 0.4390 -1.7976 1.2398 2.7026 -1.3696 -2.1305
0.9042 0.4400 -1.7984 1.2387 2.7017 -1.3692 -2.1341
0.9092 0.4409 -1.7991 1.2375 2.7008 -1.3688 -2.1378
0.9142 0.4419 -1.7999 1.2364 2.6999 -1.3684 -2.1415
0.9192 0.4428 -1.8006 1.2352 2.6989 -1.3680 -2.1451
0.9242 0.4438 -1.8014 1.2340 2.6980 -1.3675 -2.1487
0.9292 0.4448 -1.8021 1.2328 2.6970 -1.3671 -2.1523
0.9342 0.4458 -1.8029 1.2316 2.6961 -1.3666 -2.1559
0.9392 0.4468 -1.8037 1.2304 2.6951 -1.3662 -2.1595
0.9442 0.4478 -1.8045 1.2291 2.6941 -1.3657 -2.1631
0.9492 0.4488 -1.8052 1.2279 2.6931 -1.3652 -2.1666
0.9542 0.4499 -1.8060 1.2266 2.6921 -1.3648 -2.1702
0.9592 0.4509 -1.8068 1.2253 2.6911 -1.3643 -2.1737
0.9642 0.4520 -1.8076 1.2240 2.6901 -1.3638 -2.1772
0.9692 0.4531 -1.8084 1.2227 2.6890 -1.3633 -2.1807
0.9742 0.4541 -1.8092 1.2214 2.6880 -1.3628 -2.1842
0.9792 0.4552 -1.8100 1.2200 2.6869 -1.3623 -2.1877
0.9842 0.4563 -1.8108 1.2187 2.6858 -1.3618 -2.1912
0.9892 0.4574 -1.8116 1.2173 2.6848 -1.3613 -2.1946
0.9942 0.4586 -1.8124 1.2159 2.6837 -1.3608 -2.1981
0.9992 0.4597 -1.8132 1.2145 2.6826 -1.3603 -2.2015
1.0042 0.4608 -1.8140 1.2131 2.6815 -1.3597 -2.2049
1.0092 0.4620 -1.8148 1.2116 2.6804 -1.3592 -2.2083
1.0142 0.4612 -1.8190 1.2105 2.6817 -1.3596 -2.2094
1.0192 0.4605 -1.8230 1.2093 2.6829 -1.3599 -2.2106
1.0242 0.4598 -1.8268 1.2081 2.6841 -1.3602 -2.2119
1.0292 0.4593 -1.8306 1.2069 2.6851 -1.3604 -2.2132
1.0342 0.4588 -1.8343 1.2056 2.6861 -1.3606 -2.2146
1.0392 0.4584 -1.8378 1.2044 2.6869 -1.3608 -2.2160
1.0442 0.4581 -1.8413 1.2031 2.6877 -1.3609 -2.2175
1.0492 0.4578 -1.8447 1.2018 2.6884 -1.3610 -2.2191
1.0542 0.4577 -1.8479 1.2005 2.6891 -1.3611 -2.2207
1.0592 0.4575 -1.8511 1.1992 2.6896 -1.3611 -2.2224
1.0642 0.4575 -1.8542 1.1978 2.6901 -1.3612 -2.2242
1.0692 0.4575 -1.8572 1.1965 2.6905 -1.3612 -2.2260
1.0742 0.4575 -1.8602 1.1951 2.6908 -1.3611 -2.2278
1.0792 0.4577 -1.8630 1.1937 2.6911 -1.3611 -2.2297
1.0842 0.4578 -1.8658 1.1923 2.6913 -1.3610 -2.2317
1.0892 0.4581 -1.8685 1.1908 2.6915 -1.3609 -2.2337
1.0942 0.4584 -1.8712 1.1894 2.6916 -1.3607 -2.2357
1.0992 0.4587 -1.8737 1.1879 2.6916 -1.3606 -2.2378
1.1042 0.4591 -1.8762 1.1864 2.6916 -1.3604 -2.2399
1.1088 0.4620 -1.8740 1.1845 2.6882 -1.3590 -2.2449
1.1135 0.4649 -1.8720 1.1826 2.6849 -1.3577 -2.2499
1.1184 0.4678 -1.8701 1.1806 2.6816 -1.3563 -2.2549
1.1234 0.4707 -1.8684 1.1785 2.6784 -1.3550 -2.2598
1.1284 0.4734 -1.8669 1.1765 2.6753 -1.3537 -2.2646
1.1334 0.4761 -1.8655 1.1745 2.6724 -1.3524 -2.2693
1.1384 0.4787 -1.8643 1.1724 2.6695 -1.3512 -2.2738
1.1434 0.4812 -1.8633 1.1704 2.6668 -1.3500 -2.2782
1.1484 0.4836 -1.8624 1.1683 2.6641 -1.3488 -2.2825
1.1534 0.4860 -1.8616 1.1663 2.6615 -1.3477 -2.2867
1.1584 0.4883 -1.8610 1.1643 2.6590 -1.3466 -2.2908
1.1634 0.4887 -1.8635 1.1626 2.6589 -1.3463 -2.2928
1.1684 0.4892 -1.8660 1.1609 2.6588 -1.3461 -2.2948
1.1734 0.4898 -1.8684 1.1591 2.6586 -1.3458 -2.2968
1.1784 0.4903 -1.8709 1.1574 2.6584 -1.3456 -2.2988
1.1834 0.4909 -1.8733 1.1556 2.6582 -1.3453 -2.3008
1.1884 0.4914 -1.8758 1.1539 2.6580 -1.3450 -2.3028
1.1934 0.4920 -1.8782 1.1521 2.6578 -1.3447 -2.3048
1.1984 0.4926 -1.8806 1.1503 2.6576 -1.3444 -2.3068
1.2034 0.4932 -1.8830 1.1485 2.6573 -1.3441 -2.3088
1.2084 0.4939 -1.8854 1.1467 2.6571 -1.3438 -2.3108
1.2134 0.4945 -1.8878 1.1449 2.6568 -1.3435 -2.3128
1.2184 0.4952 -1.8902 1.1430 2.6565 -1.3431 -2.3148
1.2234 0.4958 -1.8926 1.1412 2.6563 -1.3428 -2.3168
1.2284 0.4965 -1.8950 1.1393 2.6560 -1.3425 -2.3188
1.2334 0.4972 -1.8974 1.1374 2.6557 -1.3421 -2.3207
1.2384 0.4979 -1.8998 1.1355 2.6554 -1.3418 -2.3227
1.2434 0.4986 -1.9022 1.1336 2.6551 -1.3414 -2.3246
1.2484 0.4993 -1.9047 1.1317 2.6548 -1.3410 -2.3266
1.2534 0.5000 -1.9071 1.1297 2.6545 -1.3407 -2.3285
1.2584 0.5007 -1.9095 1.1278 2.6542 -1.3403 -2.3304
1.2634 0.5015 -1.9119 1.1258 2.6539 -1.3400 -2.3323
1.2684 0.5022 -1.9143 1.1238 2.6536 -1.3396 -2.3342
1.2734 0.5030 -1.9168 1.1219 2.6532 -1.3392 -2.3361
1.2784 0.5037 -1.9192 1.1199 2.6529 -1.3388 -2.3380
1.2834 0.5045 -1.9217 1.1178 2.6526 -1.3384 -2.3399
1.2884 0.5052 -1.9241 1.1158 2.6523 -1.3380 -2.3417
1.2934 0.5060 -1.9266 1.1138 2.6520 -1.3377 -2.3435
1.2984 0.5068 -1.9291 1.1117 2.6517 -1.3373 -2.3454
1.3034 0.5075 -1.9316 1.1097 2.6514 -1.3369 -2.3472
1.3084 0.5083 -1.9340 1.1076 2.6511 -1.3365 -2.3490
1.3134 0.5091 -1.9365 1.1055 2.6508 -1.3361 -2.3508
1.3184 0.5099 -1.9390 1.1034 2.6505 -1.3357 -2.3526
1.3234 0.5107 -1.9416 1.1013 2.6502 -1.3352 -2.3543
1.3284 0.5115 -1.9441 1.0991 2.6498 -1.3348 -2.3561
1.3334 0.5123 -1.9466 1.0970 2.6495 -1.3344 -2.3578
1.3384 0.5131 -1.9491 1.0948 2.6492 -1.3340 -2.3596
1.3434 0.5140 -1.9517 1.0927 2.6489 -1.3335 -2.3613
1.3484 0.5148 -1.9542 1.0905 2.6486 -1.3331 -2.3630
1.3534 0.5157 -1.9567 1.0883 2.6483 -1.3327 -2.3647
1.3584 0.5165 -1.9593 1.0861 2.6480 -1.3322 -2.3664
1.3634 0.5174 -1.9618 1.0838 2.6476 -1.3318 -2.3681
1.3684 0.5183 -1.9643 1.0816 2.6473 -1.3313 -2.3698
1.3734 0.5191 -1.9669 1.0793 2.6470 -1.3309 -2.3714
1.3784 0.5200 -1.9694 1.0771 2.6466 -1.3304 -2.3731
1.3834 0.5210 -1.9720 1.0748 2.6463 -1.3299 -2.3748
1.3884 0.5219 -1.9745 1.0725 2.6459 -1.3294 -2.3764
1.3934 0.5228 -1.9770 1.0701 2.6455 -1.3289 -2.3781
1.3984 0.5238 -1.9795 1.0678 2.6452 -1.3285 -2.3797
1.4034 0.5247 -1.9820 1.0654 2.6448 -1.3279 -2.3814
1.4084 0.5257 -1.9845 1.0630 2.6444 -1.3274 -2.3831
1.4134 0.5267 -1.9870 1.0606 2.6439 -1.3269 -2.3847
1.4184 0.5277 -1.9894 1.0582 2.6435 -1.3264 -2.3863
1.4234 0.5288 -1.9919 1.0558 2.6430 -1.3258 -2.3880
1.4284 0.5298 -1.9943 1.0533 2.6426 -1.3253 -2.3897
1.4334 0.5309 -1.9967 1.0509 2.6421 -1.3247 -2.3913
1.4384 0.5320 -1.9991 1.0484 2.6416 -1.3241 -2.3930
1.4434 0.5331 -2.0014 1.0458 2.6410 -1.3235 -2.3946
1.4484 0.5343 -2.0038 1.0433 2.6405 -1.3229 -2.3963
1.4534 0.5355 -2.0061 1.0407 2.6399 -1.3223 -2.3980
1.4584 0.5366 -2.0083 1.0381 2.6392 -1.3216 -2.3997
1.4634 0.5379 -2.0106 1.0355 2.6386 -1.3210 -2.4014
1.4684 0.5391 -2.0128 1.0329 2.6379 -1.3203 -2.4031
1.4734 0.5404 -2.0150 1.0302 2.6372 -1.3196 -2.4048
1.4784 0.5417 -2.0171 1.0275 2.6364 -1.3189 -2.4065
1.4834 0.5431 -2.0192 1.0248 2.6357 -1.3182 -2.4083
1.4884 0.5444 -2.0212 1.0220 2.6348 -1.3174 -2.4100
1.4934 0.5459 -2.0232 1.0192 2.6340 -1.3167 -2.4118
1.4984 0.5473 -2.0252 1.0164 2.6331 -1.3159 -2.4136
1.5034 0.5488 -2.0270 1.0136 2.6321 -1.3151 -2.4154
1.5084 0.5503 -2.0289 1.0107 2.6311 -1.3142 -2.4172
1.5134 0.5519 -2.0307 1.0078 2.6300 -1.3134 -2.4190
1.5184 0.5535 -2.0324 1.0048 2.6289 -1.3125 -2.4209
1.5234 0.5551 -2.0341 1.0019 2.6278 -1.3116 -2.4228
1.5284 0.5568 -2.0357 0.9989 2.6265 -1.3107 -2.4246
1.5334 0.5585 -2.0372 0.9958 2.6253 -1.3097 -2.4266
1.5384 0.5603 -2.0386 0.9927 2.6239 -1.3087 -2.4285
1.5434 0.5621 -2.0400 0.9896 2.6225 -1.3077 -2.4305
1.5484 0.5640 -2.0413 0.9864 2.6211 -1.3067 -2.4325
1.5534 0.5659 -2.0426 0.9832 2.6195 -1.3056 -2.4345
1.5584 0.5678 -2.0437 0.9800 2.6179 -1.3045 -2.4365
1.5634 0.5698 -2.0448 0.9767 2.6162 -1.3034 -2.4386
1.5684 0.5719 -2.0458 0.9733 2.6145 -1.3022 -2.4407
1.5734 0.5740 -2.0467 0.9699 2.6126 -1.3010 -2.4428
1.5784 0.5762 -2.0475 0.9665 2.6107 -1.2998 -2.4450
1.5834 0.5784 -2.0482 0.9630 2.6087 -1.2985 -2.4471
1.5858 0.5820 -2.0435 0.9601 2.6037 -1.2964 -2.4507
1.5888 0.5858 -2.0392 0.9569 2.5987 -1.2943 -2.4543
1.5926 0.5896 -2.0355 0.9533 2.5937 -1.2920 -2.4580
1.5975 0.5936 -2.0324 0.9489 2.5887 -1.2897 -2.4619
1.6025 0.5970 -2.0310 0.9449 2.5849 -1.2877 -2.4650
1.6075 0.5997 -2.0307 0.9410 2.5820 -1.2861 -2.4675
1.6125 0.6020 -2.0313 0.9374 2.5799 -1.2848 -2.4695
1.6175 0.6039 -2.0326 0.9338 2.5783 -1.2836 -2.4712
1.6225 0.6056 -2.0345 0.9304 2.5772 -1.2826 -2.4726
1.6275 0.6070 -2.0368 0.9271 2.5765 -1.2817 -2.4737
1.6325 0.6083 -2.0396 0.9238 2.5761 -1.2810 -2.4746
1.6375 0.6094 -2.0427 0.9206 2.5759 -1.2803 -2.4754
1.6425 0.6103 -2.0461 0.9175 2.5761 -1.2798 -2.4760
1.6475 0.6112 -2.0498 0.9144 2.5764 -1.2792 -2.4765
1.6525 0.6119 -2.0537 0.9113 2.5769 -1.2788 -2.4769
1.6575 0.6126 -2.0577 0.9082 2.5775 -1.2784 -2.4772
1.6625 0.6132 -2.0620 0.9052 2.5783 -1.2780 -2.4775
1.6675 0.6137 -2.0664 0.9022 2.5792 -1.2777 -2.4776
1.6725 0.6143 -2.0709 0.8992 2.5803 -1.2774 -2.4777
1.6775 0.6147 -2.0755 0.8962 2.5814 -1.2771 -2.4777
1.6825 0.6152 -2.0802 0.8933 2.5825 -1.2768 -2.4777
1.6875 0.6156 -2.0850 0.8903 2.5838 -1.2765 -2.4776
1.6925 0.6160 -2.0899 0.8873 2.5851 -1.2763 -2.4775
1.6975 0.6164 -2.0948 0.8844 2.5864 -1.2761 -2.4774
1.7025 0.6168 -2.0998 0.8814 2.5878 -1.2758 -2.4773
1.7075 0.6172 -2.1048 0.8784 2.5892 -1.2756 -2.4771
1.7125 0.6176 -2.1098 0.8754 2.5906 -1.2753 -2.4769
1.7174 0.6180 -2.1148 0.8724 2.5921 -1.2751 -2.4768
1.7224 0.6184 -2.1198 0.8695 2.5935 -1.2748 -2.4766
1.7273 0.6188 -2.1248 0.8665 2.5949 -1.2745 -2.4764
1.7323 0.6193 -2.1298 0.8634 2.5963 -1.2743 -2.4762
1.7372 0.6198 -2.1348 0.8604 2.5977 -1.2740 -2.4760
1.7422 0.6203 -2.1398 0.8573 2.5992 -1.2736 -2.4758
1.7472 0.6208 -2.1448 0.8542 2.6005 -1.2733 -2.4756
1.7522 0.6214 -2.1497 0.8510 2.6019 -1.2730 -2.4754
1.7572 0.6220 -2.1547 0.8478 2.6032 -1.2726 -2.4753
1.7622 0.6227 -2.1595 0.8446 2.6045 -1.2722 -2.4751
1.7672 0.6234 -2.1644 0.8414 2.6058 -1.2717 -2.4750
1.7722 0.6242 -2.1691 0.8381 2.6070 -1.2713 -2.4749
1.7772 0.6249 -2.1738 0.8348 2.6081 -1.2708 -2.4748
1.7822 0.6258 -2.1785 0.8314 2.6092 -1.2703 -2.4748
1.7872 0.6267 -2.1831 0.8280 2.6102 -1.2697 -2.4747
1.7922 0.6276 -2.1876 0.8246 2.6112 -1.2691 -2.4747
1.7972 0.6286 -2.1920 0.8211 2.6121 -1.2685 -2.4747
1.8022 0.6297 -2.1963 0.8175 2.6129 -1.2679 -2.4748
1.8072 0.6308 -2.2005 0.8139 2.6137 -1.2672 -2.4748
1.8122 0.6320 -2.2047 0.8102 2.6144 -1.2664 -2.4749
1.8172 0.6333 -2.2087 0.8065 2.6149 -1.2656 -2.4751
1.8222 0.6346 -2.2126 0.8027 2.6154 -1.2648 -2.4753
1.8272 0.6360 -2.2164 0.7988 2.6158 -1.2639 -2.4755
1.8322 0.6375 -2.2201 0.7949 2.6160 -1.2630 -2.4758
1.8372 0.6390 -2.2236 0.7909 2.6162 -1.2620 -2.4761
1.8422 0.6407 -2.2269 0.7868 2.6162 -1.2610 -2.4764
1.8472 0.6424 -2.2302 0.7826 2.6161 -1.2599 -2.4768
1.8522 0.6442 -2.2332 0.7784 2.6158 -1.2587 -2.4773
1.8572 0.6461 -2.2361 0.7740 2.6154 -1.2575 -2.4778
1.8622 0.6482 -2.2387 0.7695 2.6149 -1.2562 -2.4783
1.8672 0.6503 -2.2412 0.7650 2.6141 -1.2549 -2.4790
1.8722 0.6525 -2.2435 0.7603 2.6132 -1.2534 -2.4797
1.8772 0.6549 -2.2455 0.7555 2.6120 -1.2519 -2.4804
1.8822 0.6574 -2.2472 0.7506 2.6106 -1.2503 -2.4812
1.8872 0.6600 -2.2487 0.7456 2.6090 -1.2486 -2.4821
1.8920 0.6626 -2.2498 0.7406 2.6072 -1.2469 -2.4831
1.8967 0.6653 -2.2507 0.7356 2.6052 -1.2451 -2.4840
1.9012 0.6681 -2.2512 0.7306 2.6030 -1.2433 -2.4851
1.9057 0.6709 -2.2514 0.7256 2.6006 -1.2414 -2.4862
1.9100 0.6738 -2.2513 0.7206 2.5980 -1.2395 -2.4873
1.9142 0.6768 -2.2508 0.7156 2.5952 -1.2376 -2.4885
1.9183 0.6798 -2.2501 0.7106 2.5922 -1.2356 -2.4897
1.9223 0.6829 -2.2491 0.7056 2.5889 -1.2335 -2.4909
1.9261 0.6860 -2.2477 0.7006 2.5855 -1.2314 -2.4922
1.9299 0.6891 -2.2461 0.6956 2.5818 -1.2293 -2.4935
1.9336 0.6923 -2.2442 0.6906 2.5779 -1.2271 -2.4949
1.9371 0.6956 -2.2419 0.6856 2.5738 -1.2249 -2.4963
1.9406 0.6989 -2.2393 0.6806 2.5695 -1.2226 -2.4977
1.9440 0.7023 -2.2365 0.6756 2.5650 -1.2203 -2.4992
1.9473 0.7057 -2.2333 0.6706 2.5602 -1.2179 -2.5007
1.9505 0.7092 -2.2298 0.6656 2.5552 -1.2155 -2.5022
1.9535 0.7125 -2.2262 0.6608 2.5502 -1.2131 -2.5037
1.9563 0.7158 -2.2225 0.6562 2.5452 -1.2108 -2.5052
1.9589 0.7190 -2.2187 0.6518 2.5402 -1.2086 -2.5066
1.9613 0.7221 -2.2148 0.6476 2.5352 -1.2064 -2.5080
1.9637 0.7251 -2.2108 0.6435 2.5302 -1.2042 -2.5093
1.9659 0.7280 -2.2067 0.6396 2.5252 -1.2021 -2.5106
1.9680 0.7309 -2.2025 0.6357 2.5202 -1.2001 -2.5119
1.9700 0.7338 -2.1983 0.6320 2.5152 -1.1980 -2.5132
1.9718 0.7365 -2.1941 0.6284 2.5102 -1.1960 -2.5145
1.9737 0.7393 -2.1898 0.6249 2.5052 -1.1940 -2.5157
1.9754 0.7419 -2.1854 0.6215 2.5002 -1.1921 -2.5169
1.9771 0.7446 -2.1810 0.6182 2.4952 -1.1901 -2.5181
1.9786 0.7472 -2.1766 0.6150 2.4902 -1.1882 -2.5192
1.9802 0.7497 -2.1721 0.6118 2.4852 -1.1864 -2.5204
1.9816 0.7522 -2.1677 0.6088 2.4802 -1.1845 -2.5215
1.9831 0.7547 -2.1631 0.6058 2.4752 -1.1827 -2.5226
1.9844 0.7571 -2.1586 0.6028 2.4702 -1.1809 -2.5237
1.9857 0.7595 -2.1540 0.6000 2.4652 -1.1791 -2.5248
1.9870 0.7619 -2.1494 0.5972 2.4602 -1.1773 -2.5258
1.9882 0.7642 -2.1448 0.5945 2.4552 -1.1755 -2.5269
1.9894 0.7665 -2.1401 0.5918 2.4502 -1.1738 -2.5279
1.9906 0.7688 -2.1355 0.5892 2.4452 -1.1721 -2.5289
1.9916 0.7708 -2.1311 0.5868 2.4406 -1.1705 -2.5298
1.9925 0.7727 -2.1271 0.5847 2.4363 -1.1691 -2.5306
1.9933 0.7744 -2.1235 0.5827 2.4324 -1.1678 -2.5314
1.9941 0.7760 -2.1201 0.5810 2.4289 -1.1666 -2.5321
1.9947 0.7774 -2.1169 0.5794 2.4256 -1.1655 -2.5327
1.9953 0.7787 -2.1141 0.5780 2.4226 -1.1645 -2.5333
1.9959 0.7799 -2.1115 0.5767 2.4198 -1.1636 -2.5338
1.9963 0.7809 -2.1091 0.5755 2.4173 -1.1628 -2.5343
1.9968 0.7819 -2.1069 0.5745 2.4150 -1.1620 -2.5347
1.9971 0.7827 -2.1049 0.5736 2.4129 -1.1614 -2.5350
1.9975 0.7835 -2.1031 0.5727 2.4111 -1.1607 -2.5354
1.9978 0.7842 -2.1015 0.5719 2.4093 -1.1602 -2.5357
1.9981 0.7849 -2.1000 0.5712 2.4078 -1.1597 -2.5360
1.9983 0.7855 -2.0986 0.5706 2.4064 -1.1592 -2.5362
1.9986 0.7860 -2.0974 0.5701 2.4051 -1.1588 -2.5365
1.9988 0.7865 -2.0963 0.5695 2.4039 -1.1585 -2.5367
